camera_matrix:
- - 1361.7389866285118
  - 0.0
  - 939.3838275993548
- - 0.0
  - 1349.8640072364155
  - 574.1986024372625
- - 0.0
  - 0.0
  - 1.0
dist_coeff:
- - -0.23820125090035102
  - 3.6368781282348848
  - -0.0030323996843331486
  - -0.0076102186785494685
  - -16.363127666623654
