camera_matrix:
- - 682.6945246316976
  - 0.0
  - 573.5379439766241
- - 0.0
  - 675.8206162751251
  - 367.5357996330507
- - 0.0
  - 0.0
  - 1.0
dist_coeff:
- - -0.11906812706981279
  - 0.1449078169244501
  - 0.00199099236408843
  - -0.006892074855390081
  - -0.17014520000697242
