camera_matrix:
- - 3753.696773058651
  - 0.0
  - 545.4421385493406
- - 0.0
  - 3323.431167046564
  - 683.3818082285219
- - 0.0
  - 0.0
  - 1.0
dist_coeff:
- - -2.912144150739864
  - 0.011063557294453519
  - -0.27781540758819406
  - 0.11957148513743394
  - 625.4938967961976
